Index     Theta Diff (deg)    Lambda              
--------------------------------------------------
1         17.400000           496.407715          
2         17.700000           504.694881          
3         18.000000           512.968211          
4         18.500000           526.725730          
5         18.700000           532.217564          
6         19.300000           548.653892          
7         19.600000           556.849606          
8         20.000000           567.753438          
9         20.300000           575.913182          
10        20.400000           578.629599          
11        20.500000           581.344253          
12        20.700000           586.768241          
13        20.800000           589.477558          
14        21.000000           594.890796          
15        21.200000           600.296786          
16        21.300000           602.997043          
17        21.400000           605.695462          
18        21.700000           613.779617          
19        21.800000           616.470607          
20        22.000000           621.846945          
21        22.100000           624.532277          
22        22.400000           632.576825          
23        22.400000           632.576825          
24        22.800000           643.275874          
25        22.900000           645.945757          
26        23.100000           651.279614          
27        23.400000           659.265498          
28        23.500000           661.923454          
29        24.300000           683.113835          
30        24.700000           693.659343          
