Index     Theta Diff (deg)    Lambda              
--------------------------------------------------
1         13.900000           398.778551          
2         14.000000           401.590347          
3         14.300000           410.018361          
4         14.500000           415.630807          
5         14.700000           421.238188          
6         15.000000           429.639615          
7         15.300000           438.029263          
8         15.600000           446.406902          
9         15.800000           451.985210          
10        16.000000           457.558011          
11        16.300000           465.906737          
12        16.700000           477.018463          
13        17.000000           485.337030          
14        17.300000           493.642291          
15        17.600000           501.934019          
16        18.000000           512.968211          
17        18.700000           532.217564          
18        19.000000           540.443136          
19        20.000000           567.753438          
20        20.200000           573.195010          
21        20.400000           578.629599          
22        20.600000           584.057136          
23        20.700000           586.768241          
24        20.900000           592.185079          
25        21.000000           594.890796          
26        21.400000           605.695462          
27        21.500000           608.392036          
28        21.800000           616.470607          
29        22.000000           621.846945          
30        22.300000           629.897225          
31        22.600000           637.930236          
32        22.800000           643.275874          
33        23.200000           653.943570          
34        23.500000           661.923454          
