Index     Theta Diff (deg)    Lambda              
--------------------------------------------------
1         13.400000           384.701520          
2         13.800000           395.965540          
3         14.100000           404.400920          
4         15.100000           432.437484          
5         15.400000           440.823155          
6         16.200000           463.125236          
7         17.000000           485.337030          
8         17.300000           493.642291          
9         17.400000           496.407715          
10        20.400000           578.629599          
11        20.600000           584.057136          
12        23.400000           659.265498          
13        24.700000           693.659343          
